0.0016,0.0017;0.0068,0.0069;0.0717,0.0734;0.2965,0.3002;2.5656,2.5767;8.5603,8.5677;11.9457,11.9515;0.0,0.0;2.3484,2.3814;1163900.4895,1165402.7705;179017.2602,179103.3398;179016.0085,179101.9915;
0.014,0.0142;0.0374,0.0377;0.2744,0.277;0.7313,0.7364;6.4443,6.4577;18.7264,18.7367;26.724,26.7348;0.0,0.0;13.8656,13.9427;1163703.3765,1165296.3435;398877.4729,399038.7271;398875.8149,399037.1651;
0.1034,0.1039;0.0908,0.0913;1.1397,1.1449;1.0007,1.0075;12.2376,12.2541;32.7069,32.7228;47.3818,47.3962;0.0,0.0;41.4481,41.604;1165041.5781,1166404.8219;706204.2552,706418.7448;706199.2314,706413.2886;
0.0813,0.0818;0.1652,0.166;1.2957,1.3041;2.6332,2.6465;11.2363,11.2621;48.726,48.7415;65.5604,65.5681;0.0,0.0;87.5508,87.7208;1163338.9755,1164876.8045;976659.2007,976771.9993;976568.2066,976685.2734;
0.3227,0.3858;0.216,0.2289;5.8422,7.0026;4.0135,4.2302;13.4296,13.7623;48.2093,48.776;66.677,67.1158;0.0,0.0;92.2168,93.5491;989801.6134,996376.7866;994331.9627,1000897.0373;994246.4256,1000803.3744;
0.289,0.3135;7.5172,7.5979;3.6778,3.9836;96.1753,97.3272;26.0183,26.1569;43.9512,44.011;70.3224,70.4355;0.0,0.0;100.0,100.0;1118716.0313,1176902.8576;1010343.2552,1062349.7078;1000428.3085,1052445.173;
0.348,0.3616;0.2222,0.2249;6.3096,6.5599;4.1221,4.1658;13.5405,13.6193;48.4256,48.5579;66.8238,66.9282;0.0,0.0;92.7572,93.04;992154.8208,993698.1792;996644.9178,998186.1822;996556.4003,998096.3397;
0.0827,0.0928;0.2125,0.215;1.6116,1.8086;4.155,4.1998;9.593,9.676;50.7349,50.8505;66.7706,66.8492;0.0,0.0;91.543,91.766;991383.7594,993010.7406;995002.0313,996159.4687;994903.6233,996055.7967;
0.0558,0.0568;0.2205,0.2218;1.0858,1.1061;4.2954,4.3198;9.3541,9.4017;51.1435,51.2075;67.0495,67.0937;0.0,0.0;92.0438,92.5639;1037877.6272,1199377.3728;890145.5456,1028283.9998;889987.999,1028131.2737;
0.0735,0.0819;0.2149,0.2173;1.4312,1.5965;4.1975,4.24;9.5151,9.5903;50.8633,50.9662;66.8614,66.9318;0.0,0.0;91.6975,91.9147;992861.4817,994320.5783;996329.8933,997364.6067;996223.5386,997251.7814;
0.6883,0.7032;0.2176,0.2335;12.8615,13.1447;4.2493,4.5564;14.123,14.1962;48.0313,48.1505;66.7856,66.8823;0.0,0.0;93.3744,93.6194;991358.3311,992802.0289;995878.7619,997318.2381;995728.4241,997154.3159;
0.3472,0.3597;0.2225,0.225;6.2933,6.5237;4.1267,4.1673;13.5439,13.6172;48.44,48.5623;66.8414,66.9377;0.0,0.0;92.807,93.0784;992392.1556,993822.6444;996878.9254,998304.3746;996759.761,998175.639;
0.347,0.3582;0.2235,0.2259;6.2916,6.4982;4.1444,4.1853;13.5275,13.5966;48.4552,48.5675;66.8444,66.9316;0.0,0.0;92.843,93.1028;992462.9985,993753.3415;996927.3112,998216.1888;996820.9819,998112.7381;
0.3446,0.3559;1.5689,3.0003;6.2142,6.422;27.8911,53.1564;13.6464,13.7645;48.7524,49.0351;67.2186,67.5832;0.0,0.0;93.6901,94.4996;1004396.6251,1026644.8371;994173.1153,1008492.2628;992580.6857,1006744.4235;
0.0799,0.0803;0.2804,0.2813;1.4361,1.4434;5.0447,5.0606;11.879,11.9009;51.2429,51.2641;68.9244,68.9396;0.0,0.0;97.6228,97.8013;1164197.1223,1165424.2377;1027632.3084,1027857.3916;1027243.5167,1027481.1033;
0.3474,0.3599;0.2229,0.2254;6.2987,6.5285;4.1333,4.1759;13.5319,13.6105;48.4375,48.5633;66.834,66.9314;0.0,0.0;92.8215,93.0871;992305.2304,993749.7296;996758.2264,998194.8736;996657.738,998090.162;
0.0797,0.0801;0.2806,0.2814;1.4331,1.4399;5.0481,5.0635;11.8604,11.8818;51.2597,51.2819;68.93,68.9464;0.0,0.0;97.4955,97.6716;1163863.6558,1165504.6242;1027723.9124,1027964.1876;1027381.5562,1027634.9838;
9.0E-4,0.001;0.0031,0.0032;0.0523,0.0559;0.1808,0.1864;1.9356,1.9589;6.4146,6.4318;8.9678,8.9828;0.0,0.0;1.1924,1.2427;1161687.2482,1168458.5518;134714.2621,134937.7379;134712.5968,134935.4032;
9.0E-4,0.001;0.003,0.0031;0.0538,0.0591;0.1718,0.1831;1.9459,1.9875;6.3975,6.4287;8.9701,8.9846;0.0,0.0;1.1613,1.232;1159735.1465,1167458.2535;134747.7926,134964.2074;134746.5152,134963.4848;
0.0015,0.0017;0.0067,0.007;0.0673,0.076;0.2917,0.3069;2.5511,2.5958;8.5526,8.5811;11.9384,11.969;0.0,0.0;2.2691,2.4244;1161906.2624,1167786.3376;178906.9693,179363.0307;178905.8719,179362.1281;
0.0016,0.0018;0.0066,0.0069;0.0719,0.0766;0.2906,0.3015;2.5548,2.6013;8.5387,8.5706;11.9254,11.9603;0.0,0.0;2.2817,2.3632;1163321.4817,1165684.9183;178714.3113,179233.6887;178713.256,179232.744;
0.0796,0.08;0.2809,0.2819;1.4305,1.4391;5.0532,5.0717;11.8617,11.8886;51.2611,51.2854;68.935,68.953;0.0,0.0;97.5618,97.7546;1163483.9887,1165088.9113;1027797.7979,1028061.9021;1027452.9432,1027728.7168;
-0.1586,5.381;0.4522,7.4395;-2.0741,66.8909;10.1741,92.6583;27.0643,34.4256;32.5508,46.0224;63.093,73.2411;0.0,0.0;88.3068,102.2383;-18258.0634,1480784.0634;-34339.5161,1495402.8494;-47241.775,1501461.775;
0.343,0.3551;0.2237,0.2262;6.2169,6.4399;4.1469,4.1891;13.5134,13.5845;48.4863,48.6031;66.8729,66.9645;0.0,0.0;92.7409,93.0082;992862.1714,994231.8486;997332.9213,998691.1787;997238.5809,998596.1191;
0.3536,0.3576;0.2232,0.224;6.4117,6.4857;4.1385,4.152;13.5762,13.6002;48.4602,48.4997;66.8544,66.8853;0.0,0.0;92.8219,92.9082;992588.3424,993046.6296;997072.1543,997529.5157;996969.0574,997426.4586;
0.3545,0.3586;0.2229,0.2237;6.4289,6.5029;4.1343,4.1475;13.5822,13.6058;48.4513,48.4905;66.8473,66.8783;0.0,0.0;92.8017,92.8882;992496.3157,992953.9263;996974.8911,997431.4389;996870.991,997327.485;
0.0221,0.5295;0.1835,0.2964;0.381,9.6123;3.4917,5.3154;11.4492,14.6923;46.7761,51.8454;65.6443,69.3167;0.0,0.0;90.1864,98.5762;373837.8089,1295702.1911;378221.7117,1300401.6216;378092.3218,1300171.0115;
0.3253,0.3762;0.2194,0.2275;5.8872,6.8304;4.0759,4.2028;13.4721,13.7611;48.2415,48.7706;66.7083,67.1391;0.0,0.0;92.117,93.4904;990367.8155,996761.5845;994867.4488,1001246.5512;994664.9481,1001020.0519;
0.3532,0.3585;0.2228,0.2239;6.4058,6.5015;4.1326,4.1505;13.5739,13.6057;48.4549,48.5073;66.8485,66.8888;0.0,0.0;92.8543,92.9747;988257.7443,993886.9258;992709.603,998365.1121;992600.7452,998262.9301;
0.3545,0.3583;0.2228,0.2236;6.4276,6.4974;4.1323,4.145;13.5817,13.6047;48.456,48.4935;66.8523,66.8817;0.0,0.0;92.8227,92.9075;992569.9237,993004.7483;997046.2297,997480.9103;996942.8926,997377.2234;
9.0E-4,9.0E-4;0.0031,0.0032;0.0508,0.0553;0.1801,0.1887;1.9228,1.9556;6.4205,6.4397;8.9713,8.9838;0.0,0.0;1.1852,1.2805;1161468.3007,1166271.2993;134765.5969,134952.4031;134765.5969,134952.4031;
8.0E-4,0.001;0.0031,0.0033;0.0493,0.0557;0.179,0.1895;1.9367,1.9612;6.4122,6.4363;8.9695,8.9864;0.0,0.0;1.2323,1.3055;1162100.9969,1167886.6031;134739.8941,134990.1059;134736.4463,134989.5537;
9.0E-4,9.0E-4;0.0031,0.0032;0.053,0.0543;0.181,0.1834;1.9454,1.9544;6.4225,6.4291;8.9775,8.9832;0.0,0.0;1.2178,1.2417;1164034.2087,1165546.9713;134858.4913,134942.5087;134857.2106,134941.1894;
9.0E-4,9.0E-4;0.0031,0.0032;0.0529,0.0542;0.1813,0.1836;1.9451,1.9536;6.423,6.4293;8.9776,8.983;0.0,0.0;1.2208,1.2435;1164159.543,1165603.3843;134860.412,134939.9516;134859.155,134938.6632;
0.1563,0.1579;0.4072,0.4102;3.9901,4.0354;10.4291,10.5156;16.0918,16.1707;21.9494,21.9802;36.8143,36.8811;0.0,0.0;30.7642,31.0997;1161950.8065,1166929.3935;558677.0075,559622.9925;558644.7752,559601.0248;
0.1315,0.133;0.1116,0.1126;3.054,3.0922;2.5854,2.6103;16.978,17.0545;23.5203,23.5691;25.452,25.5145;14.4622,14.5698;36.8421,37.0911;1161623.2123,1167924.1877;595770.2891,596966.7109;595745.7683,596920.6317;
0.0025,0.0027;0.0114,0.0119;0.0878,0.0955;0.4001,0.4166;3.1955,3.2473;10.6572,10.6838;14.8871,14.9136;0.0,0.0;3.7425,3.9163;1162583.4323,1167415.3677;222776.1091,223169.8909;222776.293,223167.707;
0.0026,0.0026;0.0116,0.0117;0.0903,0.0921;0.4049,0.4088;3.2157,3.2267;10.676,10.6848;14.9079,14.9161;0.0,0.0;3.8432,3.8901;1164053.3952,1165696.5048;223086.1179,223207.4821;223085.0849,223206.5151;
3.0E-4,4.0E-4;9.0E-4,0.001;0.0267,0.0316;0.0807,0.0863;1.2979,1.3254;4.2632,4.2996;5.9774,6.008;0.0,0.0;0.4294,0.4633;1164528.3278,1167153.6722;90226.4046,90681.5954;90224.4711,90675.5289;
0.0026,0.0027;6.0E-4,7.0E-4;0.1519,0.1562;0.0359,0.0389;2.058,2.0755;6.347,6.3613;8.3162,8.3402;0.6421,0.6608;1.2513,1.3164;1126886.6933,1176732.7352;130322.2779,136169.1507;130321.0392,136167.5323;
0.001,0.0011;0.0,0.0;0.089,0.0958;0.0,0.0;1.3118,1.3353;4.2721,4.2824;5.6832,5.703;0.2958,0.3106;0.4377,0.474;1163343.8767,1168165.9233;90423.2662,90590.7338;90423.2662,90590.7338;
8.0E-4,0.0011;0.0,0.0;0.0685,0.0995;0.0,0.0;0.9849,1.4215;3.1838,4.593;4.2377,6.1134;0.2253,0.326;0.0,0.0;867757.4841,1251813.9704;67702.2562,97092.2893;67369.9316,97188.2502;
9.0E-4,0.001;0.0031,0.0032;0.0524,0.057;0.1787,0.1879;1.9374,1.9707;6.4017,6.4311;8.9632,8.9811;0.0,0.0;1.13,1.2201;1164681.0347,1167984.3653;134645.4591,134912.5409;134645.4591,134912.5409;
7.0E-4,0.001;0.0023,0.0034;0.0405,0.059;0.1361,0.1971;1.4542,2.0987;4.7761,6.8901;6.6785,9.6345;0.0,0.0;0.0,0.0;868210.6189,1252423.1992;100656.5896,144632.5013;100324.2654,144728.4618;
0.0884,0.0898;0.7107,0.7924;1.6411,1.6649;13.1616,14.7326;11.0476,11.1611;52.8404,53.0462;70.2368,70.5194;0.0,0.0;100.0,100.0;1162608.4113,1166844.7887;1046943.5729,1051091.4271;1037143.0387,1041248.3613;
0.066,0.0792;0.3797,0.5933;1.2605,1.4839;7.1841,11.0739;9.9011,10.5867;51.6965,52.4098;68.0619,69.3823;0.0,0.0;94.5954,97.6758;1162225.8167,1164874.0833;1014286.6258,1034083.3742;1011230.8227,1027199.3773;
0.0556,0.0571;0.2194,0.2222;1.082,1.1113;4.2742,4.3265;9.3453,9.4486;51.1013,51.2107;67.037,67.1026;0.0,0.0;92.0483,92.6134;1161890.33,1165041.07;998908.2811,999866.7189;998777.5679,999728.4321;
0.0558,0.0561;0.2214,0.2221;1.0861,1.0917;4.3122,4.3258;9.3626,9.382;51.1542,51.1753;67.0534,67.0692;0.0,0.0;92.0761,92.2271;1163551.9271,1164890.9457;999146.9101,999384.4535;999010.0653,999246.4438;
0.0016,0.0017;0.0067,0.0069;0.0686,0.0746;0.2938,0.3039;2.5403,2.5818;8.5601,8.5815;11.9362,11.9623;0.0,0.0;2.3031,2.4164;1163750.7865,1169360.0135;178874.1216,179263.8784;178872.628,179261.372;
0.0011,0.0014;0.0042,0.0057;0.0583,0.0664;0.2172,0.2638;2.1321,2.3764;7.0747,7.9246;9.8769,11.0541;0.0,0.0;1.5674,2.0201;1163709.7151,1167074.1849;148239.0375,165751.9625;148238.4365,165750.5635;
9.0E-4,0.001;0.003,0.0032;0.051,0.0568;0.1758,0.1842;1.9432,1.9812;6.3969,6.4241;8.9618,8.9797;0.0,0.0;1.1629,1.2467;1158270.4919,1165003.1081;134624.9534,134891.0466;134624.9534,134891.0466;
2.0E-4,0.0034;0.0023,0.0033;0.0168,0.1822;0.1337,0.1935;1.4602,2.1075;4.7717,6.8838;6.6775,9.633;0.0,0.0;-6.0881,26.4605;864992.1432,1247313.4932;100686.9744,144596.662;100595.9687,144622.9404;
9.0E-4,0.001;0.0031,0.0033;0.0515,0.0562;0.1819,0.193;1.9222,1.9517;6.4177,6.451;8.969,8.9937;0.0,0.0;1.1882,1.3091;1163833.2583,1169553.9417;134731.288,135098.712;134731.288,135098.712;
7.0E-4,0.001;0.0024,0.0035;0.0398,0.0581;0.1391,0.2017;1.4415,2.0802;4.7894,6.9094;6.6853,9.6443;0.0,0.0;0.0,0.0;868450.5343,1252827.102;100757.5343,144778.8294;100425.2129,144874.7871;
9.0E-4,9.0E-4;0.0032,0.0033;0.0506,0.0542;0.1854,0.1933;1.9216,1.9594;6.4174,6.4453;8.9737,8.9864;0.0,0.0;1.1985,1.2823;1162097.4587,1168025.1413;134801.297,134990.703;134798.6292,134989.3708;
9.0E-4,9.0E-4;0.0031,0.0032;0.0525,0.0546;0.1811,0.1874;1.9417,1.9582;6.4188,6.4343;8.9723,8.9904;0.0,0.0;1.1845,1.2589;1160850.75,1166902.85;134781.6022,135050.3978;134779.0202,135048.9798;
7.0E-4,0.001;0.0024,0.0034;0.0398,0.0576;0.137,0.198;1.4514,2.094;4.7837,6.901;6.6854,9.6444;0.0,0.0;0.0,0.0;866359.1487,1249802.3058;100758.5636,144779.6183;100424.7479,144873.4339;
9.0E-4,9.0E-4;0.0031,0.0032;0.0507,0.0533;0.1808,0.1888;1.9232,1.95;6.4204,6.444;8.967,8.9897;0.0,0.0;1.2028,1.292;1158938.0978,1163117.5022;134701.5987,135040.4013;134701.5987,135040.4013;
0.0015,0.0017;0.0068,0.0071;0.0675,0.0731;0.2954,0.3099;2.5384,2.5857;8.5577,8.598;11.9465,11.97;0.0,0.0;2.3082,2.4452;1163017.3329,1170401.0671;179028.627,179379.373;179028.627,179379.373;
0.0015,0.0017;0.0068,0.0071;0.0673,0.0725;0.2977,0.311;2.5187,2.5707;8.5599,8.6;11.9338,11.9633;0.0,0.0;2.2704,2.4294;1163056.3262,1167939.0738;178838.4171,179277.5829;178834.6484,179273.3516;
0.0552,0.0564;0.221,0.2232;1.0753,1.0989;4.3063,4.3475;9.3238,9.4178;51.0868,51.2072;66.9999,67.0846;0.0,0.0;91.8074,92.6752;1163421.4207,1167310.9793;998316.8348,999543.1652;998157.3115,999379.0885;
0.0799,0.0815;0.2779,0.2813;1.436,1.4648;4.9991,5.0619;11.8493,11.934;51.2257,51.2826;68.9113,68.9531;0.0,0.0;97.4876,98.0635;1165619.0433,1169199.9567;1027495.4284,1028058.5716;1027122.3968,1027774.4032;
0.3404,0.3539;0.2239,0.2266;6.17,6.4178;4.1493,4.1946;13.5068,13.5901;48.4941,48.6274;66.885,66.9882;0.0,0.0;92.7952,93.063;993063.1455,994588.6145;997530.9759,999055.6241;997438.7727,998960.9673;
0.352,0.3559;0.2235,0.2243;6.3828,6.4537;4.1432,4.1564;13.5649,13.5881;48.4805,48.5182;66.8694,66.8989;0.0,0.0;92.8847,92.9676;992817.5683,993252.8717;997300.2997,997735.7103;997193.955,997629.551;
0.0016,0.0017;0.0066,0.0069;0.0699,0.076;0.2867,0.3012;2.5537,2.5973;8.5457,8.5719;11.9378,11.9536;0.0,0.0;2.3439,2.3987;987386.2317,993075.5683;178898.1799,179133.8201;178897.9679,179130.0321;
0.0016,0.0017;0.0068,0.0068;0.0716,0.0733;0.2954,0.2991;2.5656,2.5758;8.5592,8.5674;11.944,11.9511;0.0,0.0;2.3261,2.3624;1163884.4661,1165457.2939;178990.861,179097.539;178989.8965,179096.5035;
9.0E-4,0.001;0.0031,0.0032;0.0516,0.0556;0.1813,0.1874;1.9361,1.9609;6.4147,6.4414;8.9685,8.9956;0.0,0.0;1.2166,1.3064;1162654.2561,1165903.3439;134724.2737,135127.7263;134721.2769,135126.7231;
0.0138,0.0145;0.0369,0.038;0.2687,0.2824;0.7206,0.743;6.4126,6.4839;18.7267,18.771;26.7271,26.769;0.0,0.0;13.761,14.0334;1161906.2386,1167649.5614;398920.4647,399547.5353;398918.3385,399545.6615;
0.0016,0.0018;0.0066,0.0069;0.07,0.0772;0.2901,0.302;2.557,2.5963;8.5441,8.5734;11.9354,11.9573;0.0,0.0;2.3102,2.4368;1161484.393,1167328.407;178863.5521,179190.4479;178861.2353,179186.7647;
0.0025,0.0027;0.0115,0.0118;0.088,0.0944;0.4014,0.4143;3.1848,3.2345;10.6623,10.7061;14.8894,14.9265;0.0,0.0;3.7553,3.9195;1162753.8526,1168617.7474;222810.0308,223361.9692;222808.6111,223361.3889;
9.0E-4,0.001;0.003,0.0032;0.0499,0.0561;0.1769,0.1842;1.9359,1.9654;6.4165,6.4374;8.975,8.9894;0.0,0.0;1.1317,1.23;1162372.7443,1168302.6557;134820.4987,135035.5013;134816.4501,135031.5499;
0.0016,0.0017;0.0067,0.0069;0.0713,0.0761;0.2906,0.3003;2.5599,2.5922;8.5573,8.5824;11.9478,11.9697;0.0,0.0;2.3286,2.4335;1159751.7015,1167512.0985;179048.1608,179373.8392;179047.194,179372.806;
0.0787,0.0797;0.281,0.2836;1.4145,1.433;5.0545,5.1024;11.7822,11.882;51.2653,51.3352;68.9251,68.9642;0.0,0.0;97.1847,97.9539;1160907.4852,1164681.1148;1027633.37,1028222.63;1027092.9932,1027974.6068;
0.3346,0.3802;0.2175,0.2277;6.0625,6.9001;4.0405,4.2107;13.4606,13.752;48.257,48.7087;66.7144,67.0586;0.0,0.0;92.5224,93.4153;990579.8531,995658.7469;994989.6684,1000124.3316;994882.1374,1000079.2626;
0.3494,0.3623;0.222,0.2247;6.3335,6.5701;4.1172,4.1632;13.5511,13.629;48.4193,48.542;66.8234,66.9179;0.0,0.0;92.7219,93.0099;992170.0035,993559.9165;996636.7549,998025.5451;996541.547,997933.433;
0.079,0.0805;0.2802,0.2831;1.4204,1.4472;5.0387,5.0943;11.8301,11.8968;51.2425,51.3161;68.917,68.9771;0.0,0.0;97.6654,98.0671;1164029.3226,1167672.8774;1027437.3556,1028400.6444;1027192.5713,1028103.8287;
